1.4197777114787018
0.3636302870406942
0.283593325986387
1.7441058156394167
0.6013563007960088
0.0515178891469843
1.7047112857412403
1.21319400731564
1.1736191680977177
0.3155634912647598
0.25614662950744127
1.3986393394446686
0.4955727224388462
1.8050784539740665
1.8227531437077262
1.6898228133232884
0.40263651085797947
0.4180731030260112
1.8690852166947411
1.3297682242106137
1.7193290373725114
1.154744949748204
0.7420893068357668
0.5016521177109767
1.8742402192641483
1.8273645107451708
0.6559854202562792
1.3823681475220466
0.10584171973747347
0.5853431759274481
0.2078073374126861
0.06139926014226926
1.2739915658343122
1.2412078600552963
1.3619748031441938
1.8419682211901323
1.5965278328140153
0.593171957695442
1.4820989255516717
0.5906202335289734
0.38506846886948876
1.9092874851878867
1.9973385423224022
0.0002474058227783793
1.9923768946553004
0.24702222855693834
1.1411490168395906
1.4159339296906306
1.8031828162140966
1.886522905887429
0.5629032288281528
1.788084774992104
1.176889706330721
0.39236264829248313
0.9111948105087568
0.7407275936003728
0.978989294807386
1.5136997193643285
1.0783125445137118
1.9521362879526891
1.9473575207322946
0.26837195617656784
0.31355794397178705
0.8962031825950194
0.386327961240432
1.2883381254575956
1.4198228981461338
0.6761128261266334
1.359034365400783
1.966784371868165
1.2880782055993505
1.3065893248581009
0.34715322310063423
0.8189747709419504
0.25542385128208567
0.42629051545844576
1.3262652638610044
1.013240510849715
0.8369041228135821
0.5962509813349006
0.06122001251094611
0.4872982403553616
0.7177648449454215
1.841394346433817
1.7253719324234396
1.6533856848843254
1.3338855580413573
0.20620343601234126
0.7442726059659082
1.0916534622611154
1.6959531505419714
0.9001116507007592
1.601028000125606
0.2949334825610117
0.3026036415846254
0.11041254884922469
1.8300205993824692
0.6442968376958715
0.6557576558081628
0.9961248293821883
